10
8
0.009 0.087 0.048 0.328 0.120 0.069 0.075 0.264 
0.098 0.052 0.107 0.019 0.198 0.090 0.177 0.259 
0.061 0.357 0.100 0.023 0.073 0.044 0.316 0.026 
0.277 0.067 0.031 0.022 0.018 0.127 0.364 0.093 
0.285 0.093 0.009 0.165 0.214 0.125 0.042 0.067 
0.002 0.121 0.225 0.287 0.228 0.038 0.054 0.043 
0.330 0.060 0.175 0.031 0.078 0.258 0.048 0.019 
0.008 0.075 0.331 0.130 0.071 0.207 0.024 0.153 
1 6
5
0.130 0.418 0.151 0.193 0.108 
0.027 0.187 0.657 0.021 0.108 
0.385 0.166 0.304 0.009 0.136 
0.166 0.141 0.188 0.032 0.472 
0.316 0.115 0.277 0.238 0.054 
2 6
9
0.028 0.052 0.001 0.151 0.342 0.087 0.008 0.267 0.064 
0.265 0.054 0.067 0.076 0.195 0.113 0.134 0.029 0.066 
0.114 0.086 0.114 0.024 0.119 0.202 0.027 0.130 0.184 
0.062 0.056 0.323 0.014 0.163 0.195 0.146 0.011 0.030 
0.008 0.249 0.037 0.066 0.099 0.182 0.045 0.117 0.197 
0.033 0.268 0.108 0.098 0.118 0.067 0.056 0.100 0.153 
0.101 0.042 0.027 0.072 0.027 0.211 0.120 0.317 0.083 
0.014 0.130 0.007 0.118 0.034 0.151 0.101 0.339 0.106 
0.078 0.114 0.091 0.087 0.037 0.051 0.185 0.137 0.220 
3 14
3
0.286 0.201 0.513 
0.304 0.030 0.667 
0.234 0.417 0.349 
1 2
9
0.040 0.100 0.048 0.062 0.002 0.095 0.234 0.098 0.321 
0.145 0.217 0.120 0.016 0.174 0.016 0.095 0.090 0.128 
0.006 0.328 0.169 0.170 0.065 0.046 0.027 0.057 0.131 
0.086 0.301 0.013 0.061 0.005 0.048 0.100 0.110 0.277 
0.138 0.298 0.110 0.170 0.098 0.014 0.134 0.021 0.018 
0.028 0.029 0.061 0.241 0.070 0.034 0.470 0.009 0.058 
0.093 0.031 0.133 0.027 0.339 0.013 0.244 0.022 0.098 
0.104 0.086 0.074 0.036 0.075 0.184 0.088 0.329 0.024 
0.090 0.162 0.162 0.044 0.007 0.457 0.023 0.054 0.002 
3 5
5
0.087 0.264 0.395 0.093 0.161 
0.025 0.231 0.335 0.048 0.362 
0.028 0.406 0.383 0.067 0.116 
0.521 0.018 0.200 0.148 0.113 
0.021 0.248 0.034 0.652 0.045 
0 11
6
0.041 0.148 0.212 0.025 0.111 0.464 
0.110 0.093 0.081 0.091 0.481 0.145 
0.120 0.312 0.048 0.218 0.089 0.213 
0.234 0.415 0.195 0.089 0.007 0.059 
0.138 0.201 0.088 0.017 0.425 0.131 
0.072 0.197 0.029 0.070 0.016 0.617 
1 13
4
0.551 0.366 0.000 0.083 
0.414 0.026 0.412 0.148 
0.119 0.038 0.544 0.298 
0.129 0.096 0.445 0.330 
2 8
3
0.426 0.178 0.397 
0.287 0.115 0.598 
0.274 0.561 0.165 
2 15
9
0.035 0.434 0.038 0.095 0.091 0.035 0.072 0.119 0.081 
0.207 0.001 0.166 0.059 0.080 0.281 0.071 0.082 0.053 
0.290 0.036 0.005 0.269 0.132 0.057 0.006 0.066 0.140 
0.035 0.074 0.189 0.014 0.205 0.053 0.024 0.214 0.192 
0.126 0.044 0.192 0.085 0.134 0.019 0.089 0.065 0.247 
0.079 0.143 0.028 0.157 0.217 0.009 0.080 0.171 0.116 
0.127 0.010 0.346 0.008 0.080 0.067 0.131 0.179 0.053 
0.055 0.008 0.148 0.158 0.117 0.009 0.060 0.008 0.437 
0.143 0.224 0.259 0.244 0.008 0.043 0.015 0.035 0.028 
1 1
